freq correl
1.000000e-02 2.110395e+02
4.008016e+01 5.265434e-02
8.016032e+01 2.632717e-02
1.202405e+02 1.755145e-02
1.603206e+02 1.316359e-02
2.004008e+02 1.053087e-02
2.404810e+02 8.775724e-03
2.805611e+02 7.522049e-03
3.206413e+02 6.581793e-03
3.607214e+02 5.850483e-03
4.008016e+02 5.265434e-03
4.408818e+02 4.786759e-03
4.809619e+02 4.387862e-03
5.210421e+02 4.050334e-03
5.611222e+02 3.761025e-03
6.012024e+02 3.510290e-03
6.412826e+02 3.290896e-03
6.813627e+02 3.097314e-03
7.214429e+02 2.925241e-03
7.615230e+02 2.771281e-03
8.016032e+02 2.632717e-03
8.416834e+02 2.507350e-03
8.817635e+02 2.393379e-03
9.218437e+02 2.289319e-03
9.619238e+02 2.193931e-03
1.002004e+03 2.106174e-03
1.042084e+03 2.025167e-03
1.082164e+03 1.950161e-03
1.122244e+03 1.880512e-03
1.162325e+03 1.815667e-03
1.202405e+03 1.755145e-03
1.242485e+03 1.698527e-03
1.282565e+03 1.645448e-03
1.322645e+03 1.595586e-03
1.362725e+03 1.548657e-03
1.402806e+03 1.504410e-03
1.442886e+03 1.462621e-03
1.482966e+03 1.423090e-03
1.523046e+03 1.385641e-03
1.563126e+03 1.350111e-03
1.603206e+03 1.316359e-03
1.643287e+03 1.284252e-03
1.683367e+03 1.253675e-03
1.723447e+03 1.224520e-03
1.763527e+03 1.196690e-03
1.803607e+03 1.170097e-03
1.843687e+03 1.144660e-03
1.883768e+03 1.120305e-03
1.923848e+03 1.096965e-03
1.963928e+03 1.074578e-03
2.004008e+03 1.053087e-03
2.044088e+03 1.032438e-03
2.084168e+03 1.012584e-03
2.124248e+03 9.934782e-04
2.164329e+03 9.750804e-04
2.204409e+03 9.573517e-04
2.244489e+03 9.402561e-04
2.284569e+03 9.237604e-04
2.324649e+03 9.078335e-04
2.364729e+03 8.924465e-04
2.404810e+03 8.775724e-04
2.444890e+03 8.631860e-04
2.484970e+03 8.492636e-04
2.525050e+03 8.357832e-04
2.565130e+03 8.227241e-04
2.605210e+03 8.100668e-04
2.645291e+03 7.977931e-04
2.685371e+03 7.858857e-04
2.725451e+03 7.743286e-04
2.765531e+03 7.631064e-04
2.805611e+03 7.522049e-04
2.845691e+03 7.416105e-04
2.885772e+03 7.313103e-04
2.925852e+03 7.212924e-04
2.965932e+03 7.115452e-04
3.006012e+03 7.020579e-04
3.046092e+03 6.928203e-04
3.086172e+03 6.838226e-04
3.126253e+03 6.750557e-04
3.166333e+03 6.665107e-04
3.206413e+03 6.581793e-04
3.246493e+03 6.500536e-04
3.286573e+03 6.421261e-04
3.326653e+03 6.343897e-04
3.366733e+03 6.268374e-04
3.406814e+03 6.194629e-04
3.446894e+03 6.122598e-04
3.486974e+03 6.052223e-04
3.527054e+03 5.983448e-04
3.567134e+03 5.916218e-04
3.607214e+03 5.850483e-04
3.647295e+03 5.786192e-04
3.687375e+03 5.723298e-04
3.727455e+03 5.661757e-04
3.767535e+03 5.601526e-04
3.807615e+03 5.542563e-04
3.847695e+03 5.484827e-04
3.887776e+03 5.428283e-04
3.927856e+03 5.372892e-04
3.967936e+03 5.318621e-04
4.008016e+03 5.265434e-04
4.048096e+03 5.213301e-04
4.088176e+03 5.162191e-04
4.128257e+03 5.112072e-04
4.168337e+03 5.062918e-04
4.208417e+03 5.014699e-04
4.248497e+03 4.967391e-04
4.288577e+03 4.920967e-04
4.328657e+03 4.875402e-04
4.368737e+03 4.830674e-04
4.408818e+03 4.786759e-04
4.448898e+03 4.743635e-04
4.488978e+03 4.701281e-04
4.529058e+03 4.659676e-04
4.569138e+03 4.618802e-04
4.609218e+03 4.578639e-04
4.649299e+03 4.539168e-04
4.689379e+03 4.500371e-04
4.729459e+03 4.462233e-04
4.769539e+03 4.424735e-04
4.809619e+03 4.387862e-04
4.849699e+03 4.351599e-04
4.889780e+03 4.315930e-04
4.929860e+03 4.280841e-04
4.969940e+03 4.246318e-04
5.010020e+03 4.212348e-04
5.050100e+03 4.178916e-04
5.090180e+03 4.146011e-04
5.130261e+03 4.113621e-04
5.170341e+03 4.081732e-04
5.210421e+03 4.050334e-04
5.250501e+03 4.019416e-04
5.290581e+03 3.988965e-04
5.330661e+03 3.958973e-04
5.370741e+03 3.929429e-04
5.410822e+03 3.900322e-04
5.450902e+03 3.871643e-04
5.490982e+03 3.843383e-04
5.531062e+03 3.815532e-04
5.571142e+03 3.788082e-04
5.611222e+03 3.761025e-04
5.651303e+03 3.734351e-04
5.691383e+03 3.708052e-04
5.731463e+03 3.682122e-04
5.771543e+03 3.656552e-04
5.811623e+03 3.631334e-04
5.851703e+03 3.606462e-04
5.891784e+03 3.581928e-04
5.931864e+03 3.557726e-04
5.971944e+03 3.533849e-04
6.012024e+03 3.510290e-04
6.052104e+03 3.487043e-04
6.092184e+03 3.464102e-04
6.132265e+03 3.441460e-04
6.172345e+03 3.419113e-04
6.212425e+03 3.397054e-04
6.252505e+03 3.375278e-04
6.292585e+03 3.353780e-04
6.332665e+03 3.332553e-04
6.372745e+03 3.311594e-04
6.412826e+03 3.290896e-04
6.452906e+03 3.270456e-04
6.492986e+03 3.250268e-04
6.533066e+03 3.230328e-04
6.573146e+03 3.210631e-04
6.613226e+03 3.191172e-04
6.653307e+03 3.171948e-04
6.693387e+03 3.152955e-04
6.733467e+03 3.134187e-04
6.773547e+03 3.115642e-04
6.813627e+03 3.097314e-04
6.853707e+03 3.079201e-04
6.893788e+03 3.061299e-04
6.933868e+03 3.043604e-04
6.973948e+03 3.026112e-04
7.014028e+03 3.008820e-04
7.054108e+03 2.991724e-04
7.094188e+03 2.974822e-04
7.134269e+03 2.958109e-04
7.174349e+03 2.941583e-04
7.214429e+03 2.925241e-04
7.254509e+03 2.909080e-04
7.294589e+03 2.893096e-04
7.334669e+03 2.877287e-04
7.374749e+03 2.861649e-04
7.414830e+03 2.846181e-04
7.454910e+03 2.830879e-04
7.494990e+03 2.815740e-04
7.535070e+03 2.800763e-04
7.575150e+03 2.785944e-04
7.615230e+03 2.771281e-04
7.655311e+03 2.756772e-04
7.695391e+03 2.742414e-04
7.735471e+03 2.728204e-04
7.775551e+03 2.714141e-04
7.815631e+03 2.700223e-04
7.855711e+03 2.686446e-04
7.895792e+03 2.672809e-04
7.935872e+03 2.659310e-04
7.975952e+03 2.645947e-04
8.016032e+03 2.632717e-04
8.056112e+03 2.619619e-04
8.096192e+03 2.606651e-04
8.136273e+03 2.593810e-04
8.176353e+03 2.581095e-04
8.216433e+03 2.568505e-04
8.256513e+03 2.556036e-04
8.296593e+03 2.543688e-04
8.336673e+03 2.531459e-04
8.376754e+03 2.519347e-04
8.416834e+03 2.507350e-04
8.456914e+03 2.495467e-04
8.496994e+03 2.483695e-04
8.537074e+03 2.472035e-04
8.577154e+03 2.460483e-04
8.617234e+03 2.449039e-04
8.657315e+03 2.437701e-04
8.697395e+03 2.426467e-04
8.737475e+03 2.415337e-04
8.777555e+03 2.404308e-04
8.817635e+03 2.393379e-04
8.857715e+03 2.382549e-04
8.897796e+03 2.371817e-04
8.937876e+03 2.361181e-04
8.977956e+03 2.350640e-04
9.018036e+03 2.340193e-04
9.058116e+03 2.329838e-04
9.098196e+03 2.319575e-04
9.138277e+03 2.309401e-04
9.178357e+03 2.299316e-04
9.218437e+03 2.289319e-04
9.258517e+03 2.279409e-04
9.298597e+03 2.269584e-04
9.338677e+03 2.259843e-04
9.378758e+03 2.250186e-04
9.418838e+03 2.240610e-04
9.458918e+03 2.231116e-04
9.498998e+03 2.221702e-04
9.539078e+03 2.212367e-04
9.579158e+03 2.203111e-04
9.619238e+03 2.193931e-04
9.659319e+03 2.184828e-04
9.699399e+03 2.175799e-04
9.739479e+03 2.166845e-04
9.779559e+03 2.157965e-04
9.819639e+03 2.149157e-04
9.859719e+03 2.140420e-04
9.899800e+03 2.131755e-04
9.939880e+03 2.123159e-04
9.979960e+03 2.114632e-04
1.002004e+04 2.106174e-04
1.006012e+04 2.097783e-04
1.010020e+04 2.089458e-04
1.014028e+04 2.081199e-04
1.018036e+04 2.073006e-04
1.022044e+04 2.064876e-04
1.026052e+04 2.056810e-04
1.030060e+04 2.048807e-04
1.034068e+04 2.040866e-04
1.038076e+04 2.032986e-04
1.042084e+04 2.025167e-04
1.046092e+04 2.017408e-04
1.050100e+04 2.009708e-04
1.054108e+04 2.002066e-04
1.058116e+04 1.994483e-04
1.062124e+04 1.986956e-04
1.066132e+04 1.979487e-04
1.070140e+04 1.972073e-04
1.074148e+04 1.964714e-04
1.078156e+04 1.957411e-04
1.082164e+04 1.950161e-04
1.086172e+04 1.942965e-04
1.090180e+04 1.935821e-04
1.094188e+04 1.928731e-04
1.098196e+04 1.921691e-04
1.102204e+04 1.914703e-04
1.106212e+04 1.907766e-04
1.110220e+04 1.900879e-04
1.114228e+04 1.894041e-04
1.118236e+04 1.887252e-04
1.122244e+04 1.880512e-04
1.126253e+04 1.873820e-04
1.130261e+04 1.867175e-04
1.134269e+04 1.860578e-04
1.138277e+04 1.854026e-04
1.142285e+04 1.847521e-04
1.146293e+04 1.841061e-04
1.150301e+04 1.834646e-04
1.154309e+04 1.828276e-04
1.158317e+04 1.821950e-04
1.162325e+04 1.815667e-04
1.166333e+04 1.809428e-04
1.170341e+04 1.803231e-04
1.174349e+04 1.797077e-04
1.178357e+04 1.790964e-04
1.182365e+04 1.784893e-04
1.186373e+04 1.778863e-04
1.190381e+04 1.772874e-04
1.194389e+04 1.766924e-04
1.198397e+04 1.761015e-04
1.202405e+04 1.755145e-04
1.206413e+04 1.749314e-04
1.210421e+04 1.743521e-04
1.214429e+04 1.737767e-04
1.218437e+04 1.732051e-04
1.222445e+04 1.726372e-04
1.226453e+04 1.720730e-04
1.230461e+04 1.715125e-04
1.234469e+04 1.709557e-04
1.238477e+04 1.704024e-04
1.242485e+04 1.698527e-04
1.246493e+04 1.693066e-04
1.250501e+04 1.687639e-04
1.254509e+04 1.682247e-04
1.258517e+04 1.676890e-04
1.262525e+04 1.671566e-04
1.266533e+04 1.666277e-04
1.270541e+04 1.661020e-04
1.274549e+04 1.655797e-04
1.278557e+04 1.650606e-04
1.282565e+04 1.645448e-04
1.286573e+04 1.640322e-04
1.290581e+04 1.635228e-04
1.294589e+04 1.630165e-04
1.298597e+04 1.625134e-04
1.302605e+04 1.620134e-04
1.306613e+04 1.615164e-04
1.310621e+04 1.610225e-04
1.314629e+04 1.605315e-04
1.318637e+04 1.600436e-04
1.322645e+04 1.595586e-04
1.326653e+04 1.590766e-04
1.330661e+04 1.585974e-04
1.334669e+04 1.581212e-04
1.338677e+04 1.576477e-04
1.342685e+04 1.571771e-04
1.346693e+04 1.567094e-04
1.350701e+04 1.562443e-04
1.354709e+04 1.557821e-04
1.358717e+04 1.553225e-04
1.362725e+04 1.548657e-04
1.366733e+04 1.544116e-04
1.370741e+04 1.539601e-04
1.374749e+04 1.535112e-04
1.378758e+04 1.530650e-04
1.382766e+04 1.526213e-04
1.386774e+04 1.521802e-04
1.390782e+04 1.517416e-04
1.394790e+04 1.513056e-04
1.398798e+04 1.508720e-04
1.402806e+04 1.504410e-04
1.406814e+04 1.500124e-04
1.410822e+04 1.495862e-04
1.414830e+04 1.491624e-04
1.418838e+04 1.487411e-04
1.422846e+04 1.483221e-04
1.426854e+04 1.479055e-04
1.430862e+04 1.474912e-04
1.434870e+04 1.470792e-04
1.438878e+04 1.466695e-04
1.442886e+04 1.462621e-04
1.446894e+04 1.458569e-04
1.450902e+04 1.454540e-04
1.454910e+04 1.450533e-04
1.458918e+04 1.446548e-04
1.462926e+04 1.442585e-04
1.466934e+04 1.438643e-04
1.470942e+04 1.434723e-04
1.474950e+04 1.430825e-04
1.478958e+04 1.426947e-04
1.482966e+04 1.423090e-04
1.486974e+04 1.419255e-04
1.490982e+04 1.415439e-04
1.494990e+04 1.411645e-04
1.498998e+04 1.407870e-04
1.503006e+04 1.404116e-04
1.507014e+04 1.400381e-04
1.511022e+04 1.396667e-04
1.515030e+04 1.392972e-04
1.519038e+04 1.389297e-04
1.523046e+04 1.385641e-04
1.527054e+04 1.382004e-04
1.531062e+04 1.378386e-04
1.535070e+04 1.374787e-04
1.539078e+04 1.371207e-04
1.543086e+04 1.367645e-04
1.547094e+04 1.364102e-04
1.551102e+04 1.360577e-04
1.555110e+04 1.357071e-04
1.559118e+04 1.353582e-04
1.563126e+04 1.350111e-04
1.567134e+04 1.346658e-04
1.571142e+04 1.343223e-04
1.575150e+04 1.339805e-04
1.579158e+04 1.336405e-04
1.583166e+04 1.333021e-04
1.587174e+04 1.329655e-04
1.591182e+04 1.326306e-04
1.595190e+04 1.322973e-04
1.599198e+04 1.319658e-04
1.603206e+04 1.316359e-04
1.607214e+04 1.313076e-04
1.611222e+04 1.309810e-04
1.615230e+04 1.306559e-04
1.619238e+04 1.303325e-04
1.623246e+04 1.300107e-04
1.627255e+04 1.296905e-04
1.631263e+04 1.293719e-04
1.635271e+04 1.290548e-04
1.639279e+04 1.287392e-04
1.643287e+04 1.284252e-04
1.647295e+04 1.281128e-04
1.651303e+04 1.278018e-04
1.655311e+04 1.274924e-04
1.659319e+04 1.271844e-04
1.663327e+04 1.268779e-04
1.667335e+04 1.265729e-04
1.671343e+04 1.262694e-04
1.675351e+04 1.259673e-04
1.679359e+04 1.256667e-04
1.683367e+04 1.253675e-04
1.687375e+04 1.250697e-04
1.691383e+04 1.247733e-04
1.695391e+04 1.244784e-04
1.699399e+04 1.241848e-04
1.703407e+04 1.238926e-04
1.707415e+04 1.236017e-04
1.711423e+04 1.233123e-04
1.715431e+04 1.230242e-04
1.719439e+04 1.227374e-04
1.723447e+04 1.224520e-04
1.727455e+04 1.221679e-04
1.731463e+04 1.218851e-04
1.735471e+04 1.216036e-04
1.739479e+04 1.213234e-04
1.743487e+04 1.210445e-04
1.747495e+04 1.207668e-04
1.751503e+04 1.204905e-04
1.755511e+04 1.202154e-04
1.759519e+04 1.199416e-04
1.763527e+04 1.196690e-04
1.767535e+04 1.193976e-04
1.771543e+04 1.191275e-04
1.775551e+04 1.188586e-04
1.779559e+04 1.185909e-04
1.783567e+04 1.183244e-04
1.787575e+04 1.180591e-04
1.791583e+04 1.177950e-04
1.795591e+04 1.175320e-04
1.799599e+04 1.172703e-04
1.803607e+04 1.170097e-04
1.807615e+04 1.167502e-04
1.811623e+04 1.164919e-04
1.815631e+04 1.162348e-04
1.819639e+04 1.159787e-04
1.823647e+04 1.157238e-04
1.827655e+04 1.154701e-04
1.831663e+04 1.152174e-04
1.835671e+04 1.149658e-04
1.839679e+04 1.147153e-04
1.843687e+04 1.144660e-04
1.847695e+04 1.142177e-04
1.851703e+04 1.139704e-04
1.855711e+04 1.137243e-04
1.859719e+04 1.134792e-04
1.863727e+04 1.132351e-04
1.867735e+04 1.129922e-04
1.871743e+04 1.127502e-04
1.875752e+04 1.125093e-04
1.879760e+04 1.122694e-04
1.883768e+04 1.120305e-04
1.887776e+04 1.117927e-04
1.891784e+04 1.115558e-04
1.895792e+04 1.113200e-04
1.899800e+04 1.110851e-04
1.903808e+04 1.108513e-04
1.907816e+04 1.106184e-04
1.911824e+04 1.103865e-04
1.915832e+04 1.101555e-04
1.919840e+04 1.099256e-04
1.923848e+04 1.096965e-04
1.927856e+04 1.094685e-04
1.931864e+04 1.092414e-04
1.935872e+04 1.090152e-04
1.939880e+04 1.087900e-04
1.943888e+04 1.085657e-04
1.947896e+04 1.083423e-04
1.951904e+04 1.081198e-04
1.955912e+04 1.078982e-04
1.959920e+04 1.076776e-04
1.963928e+04 1.074578e-04
1.967936e+04 1.072390e-04
1.971944e+04 1.070210e-04
1.975952e+04 1.068039e-04
1.979960e+04 1.065877e-04
1.983968e+04 1.063724e-04
1.987976e+04 1.061580e-04
1.991984e+04 1.059444e-04
1.995992e+04 1.057316e-04
2.000000e+04 1.055197e-04
