strouhal PSD[dB/Hz]
0.0000000000 54.2768397337
773.9443121358 61.2072416335
1547.8886242618 58.6049652175
2321.8329363976 53.2535702603
3095.7772485236 48.8225428835
3869.7215606594 44.4674593978
4643.6658727854 40.9051618173
5417.6101849213 37.3324605348
6191.5544970472 33.9924796912
6965.4988091831 31.4057706348
7739.4431213189 28.4388745678
8513.3874334449 24.2464276767
9287.3317455807 20.0832641541
10061.2760577067 17.9193778704
10835.2203698425 17.3772201746
11609.1646819685 15.3795521054
12383.1089941043 12.7082245219
13157.0533062303 14.2523760478
13930.9976183661 12.7267859935
14704.9419305020 10.7782911864
15478.8862426280 13.8282539866
16252.8305547638 13.3126796920
17026.7748668898 10.2973313620
17800.7191790256 11.8383459308
18574.6634911516 13.2776368504
19348.6078032874 10.9653228410
20122.5521154134 11.8737663730
20896.4964275492 12.2339620641
21670.4407396752 9.1090369116
22444.3850518110 9.5197054034
23218.3293639469 11.1269988791
23992.2736760728 11.9834028117
24766.2179882087 11.4310565809
25540.1623003346 11.3427408332
26314.1066124705 11.7732724637
27088.0509245965 10.8010513042
27861.9952367323 9.8200111988
28635.9395488583 10.9999214560
29409.8838609941 12.0719002436
30183.8281731299 11.9544833171
30957.7724852559 12.1012119147
31731.7167973917 12.3829623420
32505.6611095177 12.2035322989
33279.6054216535 11.4273465675
34053.5497337795 11.8140451978
34827.4940459154 12.1588350302
35601.4383580413 11.3677843848
36375.3826701772 11.0987049101
37149.3269823130 10.9457593573
37923.2712944390 11.3857976246
38697.2156065748 11.7032521239
39471.1599187008 9.5129271322
40245.1042308366 9.5345344514
41019.0485429626 10.4689817894
41792.9928550984 11.5622187764
42566.9371672244 13.0986745123
43340.8814793602 10.4250927779
44114.8257914961 9.1884598065
44888.7701036220 9.5476003214
45662.7144157579 9.8281205150
46436.6587278838 9.9334073523
47210.6030400197 9.7702682176
47984.5473521457 10.1743608762
48758.4916642815 11.5906219872
49532.4359764075 10.2784377940
50306.3802885433 9.6078525875
51080.3246006693 10.8782222696
51854.2689128051 10.7017158661
52628.2132249409 11.0427778077
53402.1575370669 10.7319712134
54176.1018492028 9.7888297335
54950.0461613287 7.1381165299
55723.9904734646 7.2913350052
56497.9347855905 8.3202074368
57271.8790977264 7.2552986645
58045.8234098524 6.6632708448
58819.7677219882 7.8983517556
59593.7120341240 6.1265096586
60367.6563462500 6.5675745786
61141.6006583858 6.8405711412
61915.5449705118 6.0743030472
62689.4892826476 4.9313885191
63463.4335947736 5.9254117966
64237.3779069094 6.1790603119
65011.3222190354 3.7565370560
65785.2665311713 3.3405059043
66559.2108433071 2.9565202131
67333.1551554331 0.9066393221
68107.0994675689 1.7809300510
68881.0437796949 3.6830846851
69654.9880918307 3.0801513658
70428.9324039567 -0.4537672821
71202.8767160925 -2.4874071581
71976.8210282185 -1.5886612793
72750.7653403543 -0.8470124129
73524.7096524902 -1.0330331549
74298.6539646161 -2.5661466097
75072.5982767520 -4.1267979648
75846.5425888779 -5.3208413245
76620.4869010138 -5.8514671948
77394.4312131398 -5.3953311244
78168.3755252756 -6.5363747697
78942.3198374016 -9.0141857430
79716.2641495374 -9.8903895447
80490.2084616634 -10.2124005270
81264.1527737992 -10.0744308522
82038.0970859350 -10.1520754327
82812.0413980610 -12.2040970734
83585.9857101969 -12.0313907716
84359.9300223228 -13.7750251434
85133.8743344587 -15.4931653241
85907.8186465846 -13.9270852899
86681.7629587205 -17.2045480213
87455.7072708464 -16.5426720576
88229.6515829823 -17.5550162557
89003.5958951181 -17.6988666565
89777.5402072441 -19.2296642508
90551.4845193799 -21.1360376131
91325.4288315059 -19.8379174898
92099.3731436417 -20.6733947697
92873.3174557677 -18.0895432716
93647.2617679035 -19.9935164098
94421.2060800295 -19.1571467811
95195.1503921653 -19.4587636162
95969.0947043012 -21.0872802642
96743.0390164272 -19.9291382687
97516.9833285630 -19.2298220341
98290.9276406890 -21.9003435620
99064.8719528248 -20.5810809807
99838.8162649508 -19.9808579454
100612.7605770866 -21.7944776632
101386.7048892126 -20.4183380974
102160.6492013484 -19.1746425606
102934.5935134842 -19.5083320025
103708.5378256102 -19.8127026726
104482.4821377461 -19.1388668353
105256.4264498720 -20.5584270839
106030.3707620079 -20.3408002264
106804.3150741338 -20.6704511523
107578.2593862697 -21.3954101874
108352.2036983956 -20.8295331331
109126.1480105315 -21.6915445128
109900.0923226673 -23.0259964286
110674.0366347933 -22.3361704042
111447.9809469291 -22.0797527323
112221.9252590551 -23.4814377253
112995.8695711909 -24.9172173884
113769.8138833169 -24.9951963144
114543.7581954527 -26.3054762178
115317.7025075787 -28.7389340961
116091.6468197145 -27.2792442923
116865.5911318405 -28.2381433367
117639.5354439764 -29.5372539975
118413.4797561122 -29.0203970984
119187.4240682382 -30.6109309487
119961.3683803740 -30.3975618927
120735.3126925000 -25.3908773065
121509.2570046358 -28.9163722593
122283.2013167618 -29.3817674438
123057.1456288976 -26.0716006421
123831.0899410236 -27.0300823816
124605.0342531594 -29.1711502658
125378.9785652953 -26.6722022396
126152.9228774213 -28.5417360462
126926.8671895571 -27.8993871654
127700.8115016831 -27.9137239114
128474.7558138189 -27.0730307083
129248.7001259449 -28.6941186492
130022.6444380807 -26.9065073674
130796.5887502067 -27.6940050040
131570.5330623425 -27.4902986690
132344.4773744783 -28.0080144668
133118.4216866043 -27.2751097069
133892.3659987401 -28.8913690135
134666.3103108661 -27.6635184106
135440.2546230019 -27.5443910615
136214.1989351279 -28.8982390215
136988.1432472638 -28.7091949441
137762.0875593898 -28.5162171882
138536.0318715256 -29.5505338465
139309.9761836614 -29.5046496840
140083.9204957874 -29.1697015454
140857.8648079232 -30.8569020418
141631.8091200492 -29.5803499967
142405.7534321850 -30.0940077229
143179.6977443110 -30.6878095808
143953.6420564468 -30.8713106547
144727.5863685728 -29.6162343592
145501.5306807086 -30.5364568500
146275.4749928346 -29.6878718044
147049.4193049704 -29.0940806784
147823.3636171063 -29.5407528119
148597.3079292323 -28.4514113328
149371.2522413681 -29.6268072827
150145.1965534941 -28.3434484993
150919.1408656299 -29.3033996208
151693.0851777559 -27.5308039196
152467.0294898917 -30.2266050067
153240.9738020177 -28.1670820385
154014.9181141535 -29.7537022668
154788.8624262894 -28.5681715853
155562.8067384153 -31.2174533682
156336.7510505512 -29.3727652718
157110.6953626771 -31.5174176793
157884.6396748130 -30.7973019975
158658.5839869390 -32.0808920040
159432.5282990748 -32.3355229401
160206.4726112008 -32.8784040341
160980.4169233366 -33.7015750900
161754.3612354724 -33.7504188953
162528.3055475984 -35.2566502010
163302.2498597342 -34.8072285892
164076.1941718602 -35.6424986359
164850.1384839960 -36.3544905591
165624.0827961220 -36.2684347739
166398.0271082579 -36.6184896720
167171.9714203838 -36.9429610633
167945.9157325197 -36.9041626570
168719.8600446555 -37.4155808777
169493.8043567815 -36.8897619195
170267.7486689173 -38.0796634934
171041.6929810433 -37.3072137273
171815.6372931791 -38.1972767316
172589.5816053051 -37.9369062825
173363.5259174409 -37.7987968062
174137.4702295669 -38.7154204869
174911.4145417027 -37.3424545302
175685.3588538287 -39.2531405038
176459.3031659645 -37.0249733988
177233.2474781004 -39.2558369538
178007.1917902264 -36.8039756796
178781.1361023622 -38.3780910454
179555.0804144882 -36.6802842255
180329.0247266240 -37.1896468070
181102.9690387500 -36.6101275481
181876.9133508858 -36.1501183568
182650.8576630118 -36.3369537573
183424.8019751476 -35.4829409865
184198.7462872834 -35.8780355021
184972.6905994094 -35.2133962912
185746.6349115453 -35.3921799249
186520.5792236712 -35.2432249087
187294.5235358071 -35.1001281212
188068.4678479331 -35.3697375437
188842.4121600689 -35.0826254591
189616.3564721949 -35.5270890286
190390.3007843307 -35.2933359844
191164.2450964665 -35.6656297631
191938.1894085925 -35.5717320111
192712.1337207283 -35.7868486103
193486.0780328543 -35.7896179174
194260.0223449901 -35.8851723495
195033.9666571161 -35.8980844628
195807.9109692519 -36.0018991854
196581.8552813779 -35.9073012690
197355.7995935137 -36.1178531954
198129.7439056496 -35.9089097432
198903.6882177756 -36.2333729645
199677.6325299114 -35.9346591404
200451.5768420374 -36.2891605211
201225.5211541732 -35.9672420938
201999.4654662992 -36.3299319633
202773.4097784350 -36.0175360322
203547.3540905610 -36.3006113963
204321.2984026968 -36.0431231456
205095.2427148326 -36.2132265106
205869.1870269587 -36.0299509609
206643.1313390945 -36.0820874898
207417.0756512205 -35.9357942281
208191.0199633563 -35.9351972550
208964.9642754823 -35.7722858034
209738.9085876181 -35.7430663707
210512.8528997441 -35.5525142207
211286.7972118799 -35.5444973437
212060.7415240059 -35.2747936395
212834.6858361417 -35.3321777323
213608.6301482775 -34.9361212911
214382.5744604035 -35.1187275106
215156.5187725393 -34.5817803160
215930.4630846653 -34.8922780391
216704.4073968011 -34.2170441902
217478.3517089271 -34.6446033181
218252.2960210629 -33.8518260289
219026.2403331890 -34.4151364753
219800.1846453248 -33.4875913055
220574.1289574606 -34.1851977376
221348.0732695866 -33.1259259532
222122.0175817224 -33.9521084324
222895.9618938484 -32.7838360649
223669.9062059842 -33.7357844960
224443.8505181102 -32.4505767221
225217.7948302460 -33.5345012533
225991.7391423720 -32.1392238451
226765.6834545078 -33.3565605804
227539.6277666437 -31.8745104251
228313.5720787696 -33.1968585804
229087.5163909055 -31.6538697553
229861.4607030315 -33.0613514030
230635.4050151673 -31.4816136414
231409.3493272933 -32.9666273271
232183.2936394291 -31.3623971678
232957.2379515551 -32.8874582311
233731.1822636909 -31.2917760759
234505.1265758268 -32.8234531372
235279.0708879528 -31.2738001299
236053.0152000886 -32.7815512366
236826.9595122146 -31.2878232237
237600.9038243504 -32.7478118303
238374.8481364764 -31.3375415174
239148.7924486122 -32.7250413890
239922.7367607382 -31.4304451289
240696.6810728740 -32.6992091397
241470.6253850000 -31.5402289077
242244.5696971358 -32.6769763299
243018.5140092716 -31.6717792643
243792.4583213976 -32.6629377471
244566.4026335334 -31.8277516397
245340.3469456594 -32.6371010293
246114.2912577952 -32.0006050872
246888.2355699213 -32.6079779126
247662.1798820571 -32.1846040218
248436.1241941831 -32.5811676863
249210.0685063189 -32.3717202223
249984.0128184547 -32.5573861630
250757.9571305807 -32.5726340431
251531.9014427165 -32.5319927753
252305.8457548425 -32.7775779111
253079.7900669783 -32.5068460274
253853.7343791043 -32.9742267196
254627.6786912401 -32.5015008262
255401.6230033661 -33.1722656829
256175.5673155019 -32.5064231305
256949.5116276378 -33.3645225081
257723.4559397637 -32.5189140887
258497.4002518996 -33.5502763430
259271.3445640256 -32.5562970360
260045.2888761614 -33.7206741769
260819.2331882874 -32.6114691641
261593.1775004232 -33.8725599746
262367.1218125492 -32.6873085001
263141.0661246851 -34.0184910003
263915.0104368209 -32.7774578842
264688.9547489468 -34.1425522390
265462.8990610826 -32.8869344055
266236.8433732087 -34.2469636574
267010.7876853445 -33.0252172816
267784.7319974704 -34.3350134863
268558.6763096063 -33.1711428326
269332.6206217323 -34.4094048327
270106.5649338681 -33.3346810784
270880.5092459940 -34.4754601985
271654.4535581299 -33.5219940030
272428.3978702657 -34.5193975026
273202.3421823917 -33.7188859439
273976.2864945275 -34.5581635803
274750.2308066535 -33.9291849792
275524.1751187893 -34.5984096236
276298.1194309153 -34.1494424504
277072.0637430511 -34.6306357857
277846.0080551772 -34.3827467548
278619.9523673130 -34.6590938044
279393.8966794488 -34.6228686767
280167.8409915748 -34.6896597581
280941.7853037106 -34.8602356403
281715.7296158366 -34.7315154917
282489.6739279724 -35.1033202180
283263.6182400984 -34.7746423163
284037.5625522342 -35.3457620784
284811.5068643602 -34.8201351723
285585.4511764960 -35.5830777415
286359.3954886319 -34.8824572176
287133.3398007578 -35.8097044035
287907.2841128936 -34.9537161139
288681.2284250197 -36.0254572923
289455.1727371555 -35.0333587029
290229.1170492815 -36.2353829145
291003.0613614173 -35.1238482583
291777.0056735433 -36.4265812700
292550.9499856791 -35.2296500544
293324.8942978149 -36.5977675808
294098.8386099409 -35.3510921333
294872.7829220768 -36.7539169618
295646.7272342027 -35.4789347065
296420.6715463385 -36.8952800437
297194.6158584645 -35.6234888324
297968.5601706004 -37.0178755610
298742.5044827263 -35.7847429779
299516.4487948621 -37.1152837538
300290.3931069882 -35.9557280576
301064.3374191240 -37.2029611892
301838.2817312598 -36.1408929513
302612.2260433857 -37.2801343882
303386.1703555216 -36.3379187121
304160.1146676476 -37.3381235369
304934.0589797834 -36.5503325157
305708.0032919094 -37.3864504837
306481.9476040453 -36.7728583222
307255.8919161712 -37.4303781545
308029.8362283070 -37.0004282060
308803.7805404429 -37.4737357831
309577.7248525689 -37.2422339748
310351.6691647047 -37.5095850027
311125.6134768307 -37.4912340220
311899.5577889665 -37.5430902999
312673.5021010925 -37.7434426657
313447.4464132283 -37.5882895884
314221.3907253543 -37.9978239973
314995.3350374901 -37.6357010467
315769.2793496259 -38.2522402612
316543.2236617519 -37.6869861926
317317.1679738878 -38.5095761472
318091.1122860138 -37.7491907754
318865.0565981496 -38.7571102764
319639.0009102756 -37.8240186395
320412.9452224114 -38.9940634088
321186.8895345374 -37.9109820354
321960.8338466732 -39.2248229935
322734.7781588090 -38.0053989652
323508.7224709350 -39.4438116350
324282.6667830708 -38.1175655230
325056.6110951968 -39.6439954759
325830.5554073327 -38.2456837930
326604.4997194586 -39.8194735634
327378.4440315944 -38.3848896084
328152.3883437204 -39.9846713440
328926.3326558563 -38.5417027120
329700.2769679921 -40.1326024915
330474.2212801180 -38.7109477401
331248.1655922539 -40.2509759640
332022.1099043799 -38.8978089096
332796.0542165157 -40.3534496760
333569.9985286417 -39.0977538180
334343.9428407775 -40.4421936457
335117.8871529035 -39.3082899686
335891.8314650393 -40.5185349545
336665.7757771653 -39.5371967699
337439.7200893011 -40.5736898814
338213.6644014370 -39.7731371872
338987.6087135629 -40.6196860736
339761.5530256988 -40.0215463016
340535.4973378248 -40.6706392198
341309.4416499606 -40.2755020596
342083.3859620866 -40.7072660858
342857.3302742224 -40.5315393072
343631.2745863484 -40.7449629692
344405.2188984842 -40.8023550432
345179.1632106200 -40.7871489938
345953.1075227460 -41.0631364724
346727.0518348819 -40.8289134712
347500.9961470079 -41.3197038342
348274.9404591437 -40.8828569346
349048.8847712696 -41.5788972855
349822.8290834055 -40.9379333100
350596.7733955315 -41.8232349976
351370.7177076673 -41.0056523556
352144.6620198031 -42.0555871698
352918.6063319291 -41.0848857391
353692.5506440649 -42.2660099141
354466.4949561909 -41.1691750169
355240.4392683267 -42.4680377134
356014.3835804527 -41.2719107070
356788.3278925885 -42.6513178377
357562.2722047145 -41.3778765360
358336.2165168503 -42.7977707856
359110.1608289861 -41.4980532200
359884.1051411121 -42.9355788053
360658.0494532480 -41.6330624860
361431.9937653740 -43.0496816727
362205.9380775098 -41.7686577870
362979.8823896358 -43.1409565665
363753.8267017716 -41.9204955828
364527.7710138976 -43.2155361813
365301.7153260334 -42.0748890346
366075.6596381594 -43.2697100755
366849.6039502952 -42.2354455683
367623.5482624311 -43.3221737724
368397.4925745570 -42.4028607887
369171.4368866929 -43.3527969238
369945.3811988189 -42.5651192804
370719.3255109547 -43.3779347910
371493.2698230806 -42.7395255872
372267.2141352165 -43.4057345513
373041.1584473425 -42.9016082338
373815.1027594783 -43.4194803282
374589.0470716141 -43.0586468892
375362.9913837402 -43.4460504158
376136.9356958760 -43.2214771217
376910.8800080019 -43.4675419796
377684.8243201378 -43.3633398148
378458.7686322638 -43.4903912319
379232.7129443996 -43.5033887886
380006.6572565255 -43.5257135830
380780.6015686614 -43.6294517339
381554.5458807972 -43.5551469118
382328.4901929232 -43.7452085898
383102.4345050590 -43.6016750199
383876.3788171850 -43.8563316609
384650.3231293208 -43.6464102185
385424.2674414468 -43.9376126075
386198.2117535826 -43.6938288659
386972.1560657086 -44.0222477379
387746.1003778444 -43.7592451050
388520.0446899803 -44.0962580105
389293.9890021062 -43.8122537296
390067.9333142421 -44.1507158722
390841.8776263681 -43.8766345898
391615.8219385039 -44.2090117297
392389.7662506299 -43.9442220854
393163.7105627657 -44.2504118809
393937.6548748917 -44.0049820823
394711.5991870275 -44.2947407304
395485.5434991535 -44.0751162746
396259.4878112893 -44.3346978442
397033.4321234251 -44.1326363135
397807.3764355512 -44.3664968633
398581.3207476870 -44.1951639783
399355.2650598129 -44.4109670765
400129.2093719487 -44.2504117486
400903.1536840748 -44.4439766737
401677.0979962106 -44.2921099486
402451.0423083366 -44.4883383652
403224.9866204724 -44.3440345946
403998.9309326082 -44.5370405123
404772.8752447342 -44.3755653175
405546.8195568700 -44.5766770401
406320.7638689960 -44.4043508925
407094.7081811318 -44.6362184770
407868.6524932578 -44.4317283101
408642.5968053936 -44.6912491727
409416.5411175197 -44.4428212212
410190.4854296555 -44.7525054114
410964.4297417913 -44.4604860973
411738.3740539173 -44.8191593801
412512.3183660531 -44.4629323080
413286.2626781791 -44.8784087379
414060.2069903149 -44.4674314439
414834.1513024409 -44.9548192847
415608.0956145767 -44.4753939182
416382.0399267027 -45.0180031082
417155.9842388385 -44.4700993197
417929.9285509744 -45.0799037218
418703.8728631003 -44.4798285777
419477.8171752362 -45.1494412862
420251.7614873621 -44.4835515403
421025.7057994980 -45.2012486746
421799.6501116239 -44.4903519399
422573.5944237598 -45.2564911480
423347.5387358858 -44.5119817202
424121.4830480216 -45.2962764081
424895.4273601575 -44.5293296235
425669.3716722834 -45.3269695804
426443.3159844193 -44.5627102799
427217.2602965452 -45.3562007076
427991.2046086811 -44.5990304184
428765.1489208070 -45.3605044321
429539.0932329429 -44.6439613881
430313.0375450688 -45.3647579324
431086.9818572047 -44.7074616056
431860.9261693306 -45.3538269773
432634.8704814665 -44.7660982315
433408.8147936023 -45.3280511171
434182.7591057283 -44.8437818737
434956.7034178641 -45.3018269712
435730.6477299901 -44.9318580495
436504.5920421259 -45.2564721552
437278.5363542519 -45.0215586566
438052.4806663878 -45.2127724637
438826.4249785137 -45.1247541829
439600.3692906496 -45.1629738042
440374.3136027853 -45.2270045598
441148.2579149114 -45.1061172289
441922.2022270472 -45.3425424251
442696.1465391732 -45.0562699563
443470.0908513090 -45.4577572018
444244.0351634350 -44.9986506372
445017.9794755708 -45.5666404388
445791.9237876968 -44.9521435423
446565.8680998326 -45.6868118627
447339.8124119685 -44.9096950913
448113.7567240944 -45.7932566261
448887.7010362303 -44.8676979697
449661.6453483562 -45.8945128759
450435.5896604921 -44.8451302862
451209.5339726180 -45.9893487873
451983.4782847539 -44.8252860125
452757.4225968799 -46.0668442417
453531.3669090157 -44.8172818449
454305.3112211516 -46.1392335842
455079.2555332775 -44.8235898133
455853.1998454134 -46.1865408776
456627.1441575393 -44.8388988114
457401.0884696752 -46.2200760538
458175.0327818011 -44.8749110270
458948.9770939370 -46.2398527334
459722.9214060629 -44.9162230251
460496.8657181988 -46.2340375165
461270.8100303247 -44.9738347674
462044.7543424606 -46.2194468455
462818.6986545963 -45.0510250605
463592.6429667224 -46.1834792184
464366.5872788582 -45.1320568679
465140.5315909842 -46.1362797189
465914.4759031200 -45.2311864908
466688.4202152460 -46.0823778226
467462.3645273819 -45.3409035132
468236.3088395078 -46.0105590512
469010.2531516437 -45.4607107146
469784.1974637795 -45.9397208031
470558.1417759055 -45.5927540309
471332.0860880413 -45.8646333617
472106.0304001673 -45.7245931822
472879.9747123031 -45.7887810578
473653.9190244291 -45.8690891294
474427.8633365649 -45.7171322056
475201.8076486909 -46.0149165110
475975.7519608267 -45.6448188585
476749.6962729626 -46.1567937956
477523.6405850885 -45.5872545790
478297.5848972244 -46.3019010508
479071.5292093503 -45.5347501350
479845.4735214862 -46.4377037612
480619.4178336122 -45.4885832431
481393.3621457480 -46.5694142380
482167.3064578740 -45.4605511594
482941.2507700098 -46.6866151624
483715.1950821456 -45.4418427032
484489.1393942716 -46.7870302713
485263.0837064075 -45.4391554722
486037.0280185334 -46.8801860175
486810.9723306692 -45.4478329845
487584.9166427952 -46.9495634773
488358.8609549311 -45.4698731838
489132.8052670570 -47.0006143085
489906.7495791929 -45.5132617161
490680.6938913188 -47.0337529055
491454.6382034547 -45.5649462354
492228.5825155905 -47.0474480433
493002.5268277165 -45.6321722376
493776.4711398522 -47.0472915693
494550.4154519783 -45.7162752632
495324.3597641141 -47.0237215244
496098.3040762401 -45.8111561807
496872.2483883760 -46.9905436883
497646.1927005019 -45.9211371088
498420.1370126377 -46.9493288273
499194.0813247735 -46.0379753335
499968.0256368996 -46.8951745170
500741.9699490354 -46.1686048793
501515.9142611614 -46.8377076997
502289.8585732972 -46.3102565585
503063.8028854232 -46.7743941973
503837.7471975590 -46.4524378784
504611.6915096850 -46.7153053579
505385.6358218208 -46.6043529655
506159.5801339566 -46.6586524180
506933.5244460826 -46.7588686429
507707.4687582185 -46.6006668036
508481.4130703445 -46.9127815016
509255.3573824802 -46.5550910720
510029.3016946063 -47.0655923624
510803.2460067421 -46.5169913385
511577.1903188681 -47.2113536697
512351.1346310039 -46.4870192808
513125.0789431398 -47.3556434893
513899.0232552657 -46.4675591862
514672.9675674015 -47.4882652252
515446.9118795275 -46.4586451045
516220.8561916634 -47.6066414295
516994.8005037893 -46.4669009139
517768.7448159251 -47.7150487203
518542.6891280511 -46.4835657433
519316.6334401870 -47.8076928296
520090.5777523227 -46.5122286388
520864.5220644487 -47.8863465336
521638.4663765845 -46.5580722609
522412.4106887106 -47.9451869258
523186.3550008464 -46.6139043665
523960.2993129723 -47.9887486151
524734.2436251083 -46.6831005566
525508.1879372342 -48.0215819562
526282.1322493701 -46.7634228370
527056.0765614960 -48.0354794487
527830.0208736318 -46.8563189953
528603.9651857676 -48.0361786274
529377.9094978936 -46.9622039679
530151.8538100295 -48.0271895226
530925.7981221555 -47.0734884622
531699.7424342913 -48.0116840050
532473.6867464173 -47.1961342592
533247.6310585530 -47.9888210438
534021.5753706790 -47.3278330081
534795.5196828148 -47.9571083304
535569.4639949508 -47.4638647126
536343.4083070768 -47.9281380340
537117.3526192126 -47.6057482382
537891.2969313386 -47.8995130987
538665.2412434743 -47.7496499648
539439.1855556003 -47.8692462954
540213.1298677361 -47.8984269305
540987.0741798622 -47.8434095532
541761.0184919980 -48.0462632515
542534.9628041338 -47.8229374714
543308.9071162598 -48.1883325070
544082.8514283956 -47.8112738429
544856.7957405215 -48.3306153484
545630.7400526574 -47.8038292231
546404.6843647833 -48.4680665853
547178.6286769193 -47.8030660582
547952.5729890452 -48.5971243246
548726.5173011811 -47.8154805314
549500.4616133168 -48.7162436713
550274.4059254428 -47.8356703834
551048.3502375786 -48.8262406675
551822.2945497046 -47.8644444460
552596.2388618406 -48.9285617090
553370.1831739665 -47.9035712411
554144.1274861023 -49.0157129066
554918.0717982283 -47.9536945816
555692.0161103641 -49.0896504079
556465.9604224900 -48.0150289526
557239.9047346259 -49.1543278213
558013.8490467618 -48.0825313040
558787.7933588878 -49.2079776139
559561.7376710236 -48.1610706089
560335.6819831496 -49.2489704225
561109.6262952853 -48.2509604046
561883.5706074113 -49.2768869335
562657.5149195471 -48.3472860542
563431.4592316732 -49.2989364884
564205.4035438090 -48.4516164904
564979.3478559448 -49.3143147916
565753.2921680708 -48.5629495617
566527.2364802066 -49.3198987785
567301.1807923326 -48.6823405756
568075.1251044684 -49.3207504404
568849.0694165945 -48.8068253162
569623.0137287303 -49.3197685959
570396.9580408563 -48.9329035015
571170.9023529921 -49.3180560133
571944.8466651279 -49.0651000369
572718.7909772538 -49.3130179796
573492.7352893897 -49.2002364806
574266.6796015156 -49.3077502381
575040.6239136516 -49.3349567113
575814.5682257775 -49.3084148798
576588.5125379133 -49.4682335457
577362.4568500393 -49.3110296077
578136.4011621751 -49.6002667244
578910.3454743109 -49.3163687665
579684.2897864369 -49.7322107252
580458.2340985729 -49.3269750449
581232.1784106988 -49.8573961091
582006.1227228346 -49.3443617676
582780.0670349605 -49.9753001381
583554.0113470964 -49.3690744443
584327.9556592223 -50.0896535742
585101.8999713582 -49.3976503062
585875.8442834842 -50.1969531282
586649.7885956201 -49.4344780708
587423.7329077558 -50.2938451088
588197.6772198818 -49.4809827870
588971.6215320176 -50.3799799160
589745.5658441436 -49.5333281046
590519.5101562794 -50.4596227177
591293.4544684055 -49.5928814262
592067.3987805413 -50.5308814465
592841.3430926673 -49.6598358031
593615.2874048031 -50.5890216127
594389.2317169389 -49.7360281492
595163.1760290649 -50.6381012621
595937.1203412007 -49.8189269593
596711.0646533268 -50.6804868996
597485.0089654626 -49.9058775446
598258.9532775886 -50.7151261258
599032.8975897243 -50.0017970483
599806.8419018503 -50.7399345046
600580.7862139861 -50.1041200371
601354.7305261220 -50.7580667837
602128.6748382479 -50.2096418544
602902.6191503837 -50.7745409735
603676.5634625098 -50.3192848534
604450.5077746456 -50.7857079528
605224.4520867715 -50.4328631902
605998.3963989074 -50.7920272002
606772.3407110334 -50.5513618406
607546.2850231692 -50.7972423146
608320.2293353050 -50.6692222927
609094.1736474311 -50.8030756051
609868.1179595669 -50.7861124349
610642.0622716928 -50.8101115576
611416.0065838287 -50.9056877465
612189.9508959546 -50.8156039876
612963.8952080905 -51.0231382304
613737.8395202165 -50.8244688152
614511.7838323523 -51.1362937810
615285.7281444881 -50.8388915720
616059.6724566141 -51.2449198169
616833.6167687499 -50.8551150391
617607.5610808759 -51.3502862419
618381.5053930117 -50.8755923736
619155.4497051378 -51.4512339898
619929.3940172736 -50.9009001513
620703.3383293996 -51.5419644313
621477.2826415354 -50.9332733230
622251.2269536613 -51.6250934863
623025.1712657972 -50.9715213021
623799.1155779330 -51.7024506054
624573.0598900591 -51.0124606338
625347.0042021947 -51.7709344874
626120.9485143208 -51.0616142319
626894.8928264566 -51.8289195058
627668.8371385826 -51.1177583297
628442.7814507184 -51.8773811396
629216.7257628444 -51.1777190939
629990.6700749802 -51.9201735645
630764.6143871160 -51.2431057103
631538.5586992421 -51.9542399206
632312.5030113779 -51.3137208253
633086.4473235038 -51.9781177518
633860.3916356397 -51.3914324418
634634.3359477656 -51.9958744089
635408.2802599015 -51.4716024433
636182.2245720276 -52.0089442303
636956.1688841633 -51.5528977221
637730.1131962992 -52.0174205605
638504.0575084251 -51.6406314059
639278.0018205610 -52.0188603100
640051.9461326869 -51.7300339686
640825.8904448228 -52.0176641177
641599.8347569488 -51.8188810501
642373.7790690846 -52.0172910559
643147.7233812106 -51.9081219923
643921.6676933464 -52.0135519383
644695.6120054822 -51.9974992631
645469.5563176082 -52.0089259837
646243.5006297440 -52.0868796433
647017.4449418701 -52.0055439556
647791.3892540057 -52.1706574542
648565.3335661318 -52.0049385675
649339.2778782676 -52.2503122584
650113.2221903936 -52.0069070638
650887.1665025295 -52.3285776491
651661.1108146554 -52.0086028659
652435.0551267914 -52.4003857801
653208.9994389270 -52.0157012997
653982.9437510531 -52.4647037495
654756.8880631889 -52.0280947607
655530.8323753149 -52.5222315964
656304.7766874507 -52.0421643636
657078.7209995767 -52.5741954859
657852.6653117125 -52.0612009636
658626.6096238386 -52.6187096624
659400.5539359743 -52.0847016633
660174.4982481102 -52.6531019390
660948.4425602361 -52.1138002212
661722.3868723720 -52.6806722980
662496.3311844979 -52.1465288600
663270.2754966338 -52.7023364500
664044.2198087597 -52.1809949686
664818.1641208956 -52.7165497754
665592.1084330216 -52.2222534760
666366.0527451574 -52.7224484289
667139.9970572933 -52.2668251054
667913.9413694192 -52.7224377450
668687.8856815550 -52.3124152045
669461.8299936811 -52.7194319984
670235.7743058169 -52.3611352210
671009.7186179428 -52.7107428766
671783.6629300787 -52.4116089551
672557.6072422046 -52.6973209195
673331.5515543405 -52.4643440209
674105.4958664763 -52.6820586874
674879.4401786022 -52.5158752876
675653.3844907380 -52.6658410035
676427.3288028641 -52.5659076348
677201.2731149999 -52.6487261616
677975.2174271259 -52.6176174139
678749.1617392618 -52.6289805522
679523.1060513877 -52.6666284544
680297.0503635235 -52.6111469470
681070.9946756496 -52.7115624399
681844.9389877854 -52.5964485102
682618.8832999212 -52.7534952990
683392.8276120472 -52.5814002994
684166.7719241830 -52.7922054528
684940.7162363090 -52.5687095744
685714.6605484447 -52.8270608079
686488.6048605707 -52.5593406237
687262.5491727066 -52.8553000501
688036.4934848326 -52.5535201727
688810.4377969684 -52.8782815186
689584.3821091043 -52.5507499674
690358.3264212302 -52.8977474928
691132.2707333660 -52.5494723798
691906.2150454920 -52.9109894906
692680.1593576279 -52.5536638844
693454.1036697539 -52.9173395235
694228.0479818897 -52.5617825242
695001.9922940157 -52.9189171187
695775.9366061515 -52.5708851384
696549.8809182873 -52.9170012383
697323.8252304132 -52.5837259163
698097.7695425492 -52.9099003602
698871.7138546751 -52.5994109619
699645.6581668110 -52.8975446911
700419.6024789369 -52.6177435253
701193.5467910728 -52.8823914503
701967.4911031987 -52.6373893177
702741.4354153345 -52.8651155871
703515.3797274703 -52.6572033977
704289.3240395964 -52.8452346947
705063.2683517322 -52.6798242697
705837.2126638582 -52.8224933400
706611.1569759940 -52.7026208390
707385.1012881200 -52.7996017061
708159.0456002558 -52.7234706430
708932.9899123817 -52.7776134115
709706.9342245177 -52.7443463689
710480.8785366436 -52.7544185951
711254.8228487795 -52.7644075450
712028.7671609153 -52.7317469014
712802.7114730413 -52.7829651107
713576.6557851770 -52.7108322933
714350.6000973030 -52.7986913907
715124.5444094389 -52.6917334825
715898.4887215649 -52.8113388557
716672.4330337007 -52.6746961473
717446.3773458267 -52.8225853215
718220.3216579625 -52.6586449136
718994.2659700983 -52.8305186543
719768.2102822242 -52.6459382966
720542.1545943602 -52.8341576704
721316.0989064862 -52.6364353459
722090.0432186220 -52.8352090525
722863.9875307480 -52.6277898902
723637.9318428838 -52.8338093773
724411.8761550098 -52.6220926145
725185.8204671455 -52.8289750437
725959.7647792815 -52.6192150599
726733.7090914074 -52.8206391302
727507.6534035433 -52.6184704169
728281.5977156692 -52.8098532377
729055.5420278050 -52.6198465385
729829.4863399310 -52.7974358327
730603.4306520668 -52.6219014946
731377.3749641927 -52.7829698501
732151.3192763287 -52.6264619815
732925.2635884645 -52.7659676534
733699.2079005905 -52.6325401072
734473.1522127263 -52.7482893559
735247.0965248523 -52.6380634656
736021.0408369881 -52.7307165163
736794.9851491140 -52.6446682034
737568.9294612500 -52.7117217588
738342.8737733759 -52.6519761684
739116.8180855118 -52.6924307131
739890.7623976475 -52.6588577271
740664.7067097735 -52.6739621983
741438.6510219093 -52.6650822364
742212.5953340353 -52.6562712412
742986.5396461711 -52.6701052864
743760.4839582972 -52.6395654534
744534.4282704330 -52.6749751976
745308.3725825590 -52.6231774700
746082.3168946948 -52.6788920126
746856.2612068207 -52.6084991547
747630.2055189565 -52.6804824091
748404.1498310925 -52.5960448816
749178.0941432185 -52.6811849540
749952.0384553543 -52.5839875058
750725.9827674803 -52.6809069040
751499.9270796160 -52.5738419454
752273.8713917420 -52.6786813322
753047.8157038778 -52.5657486217
753821.7600160039 -52.6748333401
754595.7043281397 -52.5589164822
755369.6486402756 -52.6697407607
756143.5929524015 -52.5537998576
756917.5372645373 -52.6636869436
757691.4815766632 -52.5495274638
758465.4258887991 -52.6566380266
759239.3702009250 -52.5469191812
760013.3145130610 -52.6479732337
760787.2588251869 -52.5460390292
761561.2031373228 -52.6387929870
762335.1474494585 -52.5451773230
763109.0917615845 -52.6295207820
763883.0360737204 -52.5455145006
764656.9803858463 -52.6192017624
765430.9246979823 -52.5470034789
766204.8690101082 -52.6086670384
766978.8133222440 -52.5485441364
767752.7576343700 -52.5984096647
768526.7019465058 -52.5507179195
769300.6462586416 -52.5881177311
770074.5905707676 -52.5528461252
770848.5348829034 -52.5782466898
771622.4791950295 -52.5553349459
772396.4235071653 -52.5684065344
773170.3678192913 -52.5582933751
773944.3121314270 -52.5590022462
774718.2564435530 -52.5604751738
775492.2007556888 -52.5508463767
776266.1450678149 -52.5627064817
777040.0893799508 -52.5427198662
777814.0336920865 -52.5652020941
778587.9780042125 -52.5353465853
779361.9223163483 -52.5670152764
780135.8666284743 -52.5290826870
780909.8109406101 -52.5688074478
781683.7552527362 -52.5231335994
782457.6995648720 -52.5703128559
783231.6438769980 -52.5182948089
784005.5881891338 -52.5714603253
784779.5325012696 -52.5141574897
785553.4768133955 -52.5727138938
786327.4211255314 -52.5105375018
787101.3654376573 -52.5734073032
787875.3097497933 -52.5082461149
788649.2540619192 -52.5738903960
789423.1983740550 -52.5062111937
790197.1426861810 -52.5745125377
790971.0869983168 -52.5049782905
791745.0313104527 -52.5745719523
792518.9756225786 -55.5152039878
